 60.48    0
 79.39    1
 84.09    2
 88.89    3
 92.06    4
 95.18    5
 96.68    6
 97.14    7
 97.19    8
 97.42    9
 97.70   10
 98.13   11
 98.19   12
 98.21   13
 98.30   14
 98.36   15
 98.38   17
 98.41   18
 98.47   21
 98.53   23
 98.70   24
 98.84   25
 98.87   26
 98.95   27
 99.04   28
 99.06   29
 99.18   30
 99.21   31
 99.29   33
 99.35   35
 99.38   37
 99.43   41
 99.46   45
 99.49   49
 99.52   51
 99.55   57
 99.57   75
 99.60   83
 99.63   87
 99.69   95
 99.72   99
 99.77  107
 99.80  115
 99.83  119
 99.89  123
 99.91  143
 99.94  231
 99.97  575
100.00  927
